179.09
177.24
175.52
173.87
172.33
170.87
169.43
168.17
166.83
165.56
164.42
163.26
162.17
161.09
160.06
158.99
157.95
156.96
156.03
155.13
154.39
153.49
152.74
151.72
150.91
150.10
149.40
148.76
148.04
147.32
146.66
146.08
145.42
144.80
144.18
143.54
142.94
142.34
141.72
140.82
140.26
139.74
139.04
138.46
137.85
137.37
136.81
136.17
135.65
135.18
134.56
134.10
133.62
133.15
132.70
132.30
131.77
131.29
130.85
130.33
129.92
129.51
129.11
128.76
128.19
127.85
127.43
126.94
126.53
126.24
125.77
125.40
124.96
124.76
124.38
124.08
123.77
123.24
122.74
122.41
122.02
121.68
121.31
120.95
120.54
120.23
119.81
119.50
