176.47
172.34
168.58
165.14
161.99
159.13
156.49
154.12
151.95
149.98
148.19
146.57
145.10
143.75
142.52
141.38
140.32
139.37
138.49
137.65
136.87
136.17
135.51
134.92
134.35
133.83
133.31
132.85
132.43
132.04
131.64
131.29
130.96
130.65
130.38
130.06
129.80
129.56
129.35
129.03
128.80
128.60
128.31
128.13
127.95
127.78
127.63
127.44
127.27
127.11
126.91
126.75
126.62
126.50
126.36
126.21
126.07
125.94
125.80
125.67
125.54
125.37
125.18
125.04
124.92
124.81
124.71
124.58
124.40
124.30
124.18
124.02
123.93
123.85
123.70
123.61
123.52
123.40
123.32
123.14
122.99
122.90
122.82
122.70
122.62
122.54
122.47
122.39
122.31
122.23
122.15
122.05
121.97
121.86
121.79
121.71
121.62
121.53
121.46
121.33
121.27
121.20
121.02
120.94
120.87
120.80
120.74
120.67
120.59
120.50
120.42
120.33
120.27
120.21
120.16
120.09
120.03
119.97
119.91
119.86
119.80
119.74
119.67
119.61
119.54
119.49
119.42
119.38
119.33
119.27
119.23
119.09
119.04
118.98
118.93
118.88
118.79
118.74
118.67
118.62
118.58
118.52
118.47
118.44
118.37
118.32
118.25
118.21
118.16
118.12
118.08
118.03
117.99
117.91
117.86
117.80
117.76
117.72
117.66
117.62
117.58
117.54
117.49
117.46
117.40
117.37
117.33
117.28
117.18
117.14
117.07
117.00
116.97
116.92
116.87
116.83
116.80
116.76
116.74
116.70
116.65
116.59
116.55
116.51
116.46
116.42
116.36
116.32
116.27
116.22
116.18
116.14
116.10
116.05
116.02
115.98
115.94
115.91
115.87
115.85
115.82
115.79
115.75
115.72
115.67
115.64
115.60
115.56
115.51
115.47
115.42
115.38
115.34
115.28
115.25
115.22
115.18
115.13
115.09
115.06
115.00
114.96
114.89
114.85
114.81
114.80
114.76
114.72
114.70
114.67
114.64
114.59
114.55
114.52
114.49
114.47
114.44
114.40
114.33
114.31
114.26
114.23
114.19
114.15
114.12
114.07
114.04
114.01
113.98
113.94
113.91
113.88
113.85
113.83
113.79
113.76
113.75
113.70
113.67
113.61
113.58
113.55
113.52
113.49
113.45
113.41
113.39
113.37
113.35
113.31
113.28
113.25
113.23
113.20
113.16
113.13
113.08
113.04
113.00
112.96
112.93
112.90
112.88
112.86
112.82
112.79
112.76
112.72
112.68
112.65
112.63
112.61
112.58
112.54
112.52
112.48
112.44
112.41
112.37
112.32
112.28
112.25
112.22
112.19
112.15
112.12
112.09
112.07
112.04
112.01
111.97
111.90
111.88
111.86
111.84
111.82
111.79
111.76
111.72
111.69
111.66
111.62
111.60
111.57
111.55
111.51
111.48
111.46
111.44
111.41
111.38
111.35
111.32
111.30
111.25
111.22
111.19
111.16
111.14
111.11
111.08
111.06
111.03
110.99
110.97
110.95
110.92
110.89
110.87
110.85
110.82
110.79
110.76
110.73
110.69
110.68
110.65
110.62
110.59
110.57
110.54
110.51
110.48
110.47
110.44
110.40
110.37
110.35
110.33
110.30
110.28
110.25
110.22
110.19
110.17
110.16
110.12
110.09
110.07
110.06
110.02
109.99
109.96
109.93
109.91
109.87
109.84
109.82
109.79
109.76
109.74
109.71
109.70
109.66
109.64
109.62
109.59
109.56
109.52
109.49
109.45
109.43
109.41
109.38
109.36
109.33
109.29
109.27
109.24
109.20
109.17
109.14
109.11
109.09
109.07
109.03
109.01
108.98
108.95
108.93
108.90
108.87
108.85
108.82
108.80
108.77
108.74
108.73
108.71
108.68
108.66
108.63
108.59
108.56
108.53
108.51
108.49
108.46
108.43
108.39
108.35
108.32
108.30
108.27
108.24
108.22
108.20
108.18
108.15
108.12
108.10
108.07
108.05
108.03
108.01
107.99
107.96
107.93
107.91
107.88
107.86
107.84
107.82
107.80
107.76
107.73
107.70
107.67
107.65
107.63
107.60
107.57
107.56
107.53
107.51
107.48
107.45
107.43
107.41
107.39
107.36
107.34
107.32
107.30
107.27
107.25
107.22
107.20
107.17
107.14
107.11
107.09
107.07
107.04
