178.60
176.36
174.35
172.43
170.66
169.03
167.51
166.11
164.80
163.60
162.47
161.45
160.49
159.62
158.79
158.03
157.29
156.62
155.97
155.35
154.76
154.23
153.71
153.23
152.76
152.31
151.91
151.51
151.15
150.81
150.47
150.15
149.83
149.53
149.22
148.91
148.66
148.35
148.08
147.79
147.54
147.32
147.06
146.81
146.59
146.38
146.16
145.94
145.74
145.55
145.39
145.21
145.03
144.84
144.65
144.48
144.31
144.15
143.96
143.79
143.64
143.47
143.34
143.19
143.03
142.88
142.73
142.57
142.42
142.28
142.13
142.01
141.88
141.77
141.64
141.51
141.40
141.20
141.09
140.97
140.84
140.68
140.57
140.47
140.34
140.23
140.08
139.96
139.83
139.73
139.60
139.50
139.29
139.18
139.09
138.99
138.87
138.77
138.68
138.59
138.50
138.41
138.32
138.22
138.13
138.01
137.93
137.84
137.73
137.65
137.57
137.48
137.35
137.23
137.15
137.07
136.98
136.85
136.77
136.67
136.56
136.41
136.33
136.24
136.15
136.06
135.99
135.91
135.81
135.73
135.64
135.53
135.47
135.40
135.32
135.22
135.11
135.05
134.95
134.86
134.77
134.69
134.63
134.55
134.43
134.35
134.29
134.20
134.12
134.05
133.98
133.88
133.80
133.65
133.56
133.47
133.39
133.29
133.19
133.15
133.08
133.02
132.93
132.87
132.79
132.73
132.64
132.58
132.50
132.45
132.39
132.29
132.22
132.17
132.07
132.00
131.92
131.85
131.78
131.70
131.63
131.56
131.49
131.41
131.31
131.23
131.16
131.10
131.05
131.01
130.96
130.90
130.85
130.77
130.69
130.63
130.56
130.49
130.41
130.37
130.31
130.24
130.18
130.13
130.06
129.98
129.93
129.85
129.76
129.69
129.61
129.55
129.50
129.44
129.37
129.33
129.27
129.24
129.19
129.12
129.08
129.02
128.97
128.90
128.84
128.78
128.70
128.64
128.59
128.56
128.51
128.45
128.39
128.32
128.24
128.21
128.15
128.10
128.03
127.95
127.89
127.80
127.73
127.68
127.62
127.57
127.48
127.40
127.33
127.27
127.17
127.12
127.07
127.02
126.96
126.89
126.83
126.78
126.69
126.59
126.55
126.48
126.41
126.35
126.28
126.23
126.15
126.08
126.02
125.96
125.89
125.83
125.76
125.72
125.66
125.61
125.54
125.45
125.42
125.35
125.28
125.21
125.16
125.11
125.05
124.97
124.93
124.89
124.84
124.78
124.74
124.65
124.59
124.55
124.49
124.45
124.39
124.34
124.29
124.23
124.18
124.13
124.07
124.03
123.96
123.93
123.90
123.87
123.82
123.75
123.70
123.64
123.58
123.55
123.50
123.43
123.37
123.32
123.27
123.21
123.18
123.12
123.08
123.03
122.98
122.92
122.84
122.81
122.77
122.70
122.64
122.59
122.52
122.45
122.38
122.32
122.27
122.22
122.18
122.12
122.06
122.00
121.95
121.92
121.86
121.81
121.77
121.74
121.70
121.65
121.60
121.56
121.51
121.43
121.38
121.29
121.22
121.17
121.11
121.03
120.97
120.92
120.86
120.83
120.78
120.72
120.65
120.59
120.53
120.46
120.41
120.37
120.34
120.30
120.26
120.21
120.16
120.10
120.05
119.98
119.94
119.89
119.83
119.75
119.69
119.65
