180.01
179.08
178.20
177.34
176.55
175.79
175.07
174.41
173.73
173.08
172.46
171.85
171.26
170.75
170.25
169.72
169.20
168.73
168.29
167.85
167.46
167.07
166.69
166.28
165.85
165.47
165.12
164.75
164.35
163.98
163.60
163.18
162.84
162.57
162.26
161.97
161.70
161.35
161.03
160.77
160.50
160.20
159.88
159.56
159.35
159.10
158.87
158.54
158.25
158.03
157.80
157.53
157.29
157.03
156.80
156.56
156.32
156.12
155.85
155.65
155.45
155.25
155.05
154.86
154.70
154.48
154.26
154.01
153.77
153.59
153.29
153.09
152.92
152.74
152.49
152.24
152.01
151.80
151.65
151.45
151.20
151.02
150.78
150.56
150.39
150.22
150.04
149.88
149.77
149.59
149.44
149.27
149.09
148.94
