27215.62
21334.97
20151.10
19547.90
19088.31
18795.92
18674.19
18497.56
18379.15
18335.63
18179.65
18111.27
18033.25
18073.23
17899.09
17814.80
17890.24
17764.31
17719.86
17663.50
17583.48
17557.15
17512.52
17451.68
17313.43
17421.65
17300.95
17229.50
17207.02
17203.71
17129.62
17083.55
17095.96
17160.25
17123.86
17166.27
17070.19
16988.47
17147.81
16998.49
17039.45
17055.12
17051.93
17030.37
17032.05
17051.04
17076.02
17007.60
17049.56
17007.91
17007.27
16943.53
16918.06
16999.20
16931.40
16892.69
16881.61
16947.42
16908.91
16982.49
16931.01
16898.92
16912.88
16924.72
16827.26
16863.31
16853.99
16819.48
16860.18
16881.98
16803.72
16867.96
16870.78
16828.99
16872.07
16767.48
16822.42
16853.46
16861.77
16800.29
16816.28
16818.51
16798.38
16796.07
16745.93
16728.53
16826.74
16774.11
16802.43
16788.68
16823.95
16779.79
16759.46
16744.24
16810.97
16764.70
16763.41
16751.39
16804.21
16721.45
16743.03
16709.94
