179.20
177.60
176.12
174.79
173.57
172.42
171.37
170.37
169.45
168.60
167.83
167.10
166.46
165.85
165.29
164.78
164.30
163.80
163.37
162.97
162.59
162.24
161.90
161.56
161.27
160.99
160.71
160.44
160.20
159.97
159.77
159.57
159.37
159.19
159.01
158.84
158.68
158.52
158.31
158.18
158.06
157.91
157.78
157.66
157.54
157.41
157.28
157.16
157.04
156.91
156.81
156.70
156.61
156.51
156.41
156.31
156.21
156.10
156.00
155.91
155.82
155.73
155.66
155.58
155.51
155.41
155.33
155.22
155.14
155.06
154.99
154.90
154.82
154.73
154.64
154.57
154.51
154.42
154.36
154.30
154.22
154.16
154.09
154.03
153.96
153.88
153.81
153.75
153.68
153.61
153.53
153.48
153.42
153.37
153.32
153.26
153.17
153.09
153.04
152.99
152.95
152.88
152.82
152.78
152.73
152.68
152.63
152.56
152.50
152.42
152.35
152.31
152.27
152.21
152.15
152.10
152.05
151.96
151.91
151.86
151.81
151.76
151.72
151.67
151.61
151.57
151.54
151.49
151.43
151.35
151.30
151.25
151.20
151.14
151.07
151.03
150.98
150.91
150.85
150.81
150.76
150.71
150.66
150.58
150.51
150.47
150.43
150.38
150.33
150.28
150.22
150.18
150.12
150.07
150.04
150.01
149.94
149.89
149.84
149.80
149.75
149.71
149.65
149.61
149.56
149.51
149.45
149.40
149.33
149.28
149.23
149.18
149.14
149.09
149.04
148.98
148.93
148.90
148.86
148.81
148.76
148.69
148.65
148.62
148.58
148.55
148.52
148.48
148.43
148.39
148.35
148.31
148.27
148.20
148.16
148.10
148.06
148.02
147.97
147.92
147.87
147.83
147.80
147.75
147.70
147.66
147.62
147.57
147.53
