178.60
176.36
174.35
172.43
170.66
169.03
167.52
166.11
164.80
163.60
162.48
161.46
160.50
159.63
158.80
158.04
157.30
156.63
155.98
155.37
154.78
154.25
153.74
153.26
152.81
152.36
151.95
151.55
151.19
150.84
150.50
150.17
149.87
149.59
149.29
148.99
148.74
148.45
148.18
147.94
147.67
147.45
147.17
146.95
146.71
146.50
146.30
146.09
145.89
145.71
145.53
145.36
145.12
144.94
144.75
144.59
144.42
144.27
144.11
143.92
143.77
143.58
143.43
143.28
143.12
142.99
142.83
142.64
142.52
142.38
142.22
142.10
141.97
141.85
141.71
141.58
141.47
141.28
141.12
141.02
140.90
140.74
140.63
140.54
140.41
140.30
140.18
140.06
139.95
139.84
139.71
139.61
139.41
139.30
139.21
139.09
139.00
138.90
138.81
138.71
138.62
138.55
138.46
138.37
138.27
138.18
138.08
138.01
137.92
137.85
137.77
137.68
137.59
137.51
137.43
137.31
137.23
137.11
137.03
136.93
136.86
136.72
136.63
136.54
136.47
136.38
136.30
136.20
136.12
136.04
135.95
135.84
135.80
135.71
135.62
135.55
135.45
135.37
135.27
135.18
135.07
134.99
134.93
134.85
134.74
134.66
134.57
134.49
134.41
134.32
134.26
134.15
134.09
133.96
133.87
133.78
133.68
133.59
133.50
133.39
133.33
133.28
133.21
133.15
133.08
133.03
132.97
132.94
132.85
132.77
132.71
132.61
132.54
132.47
132.40
132.33
132.24
132.19
132.12
132.04
131.98
131.89
131.81
131.74
131.66
131.59
131.52
131.47
131.43
131.38
131.33
131.27
131.19
131.11
131.04
131.00
130.94
130.89
130.78
130.74
130.69
130.64
130.57
130.53
130.47
130.39
130.33
130.27
130.18
130.11
130.03
129.97
129.91
129.85
129.78
129.74
129.68
129.63
129.56
129.50
129.43
129.39
129.34
129.29
129.25
129.18
129.10
129.06
128.99
128.94
128.90
128.81
128.76
128.70
128.62
128.60
128.54
128.49
128.42
128.31
128.25
128.17
128.12
128.05
127.97
127.92
127.84
127.77
127.70
127.64
127.56
127.51
127.47
127.41
127.35
127.29
127.23
127.14
127.06
127.02
126.98
126.91
126.86
126.79
126.72
126.68
126.58
126.51
126.46
126.41
126.36
126.32
126.26
126.22
126.15
126.09
126.02
125.99
125.94
125.88
125.80
125.73
125.68
125.61
125.56
125.52
125.48
125.45
125.41
125.35
125.29
125.21
125.14
125.10
125.03
124.98
124.92
124.89
124.85
124.78
124.73
124.66
124.61
124.57
124.52
124.49
124.46
124.42
124.37
124.33
124.26
124.20
124.13
124.10
124.07
124.01
123.95
123.89
123.85
123.77
123.73
123.67
123.64
123.58
123.53
123.47
123.41
123.37
123.32
123.26
123.19
123.13
123.07
123.00
122.94
122.88
122.83
122.77
122.73
122.69
122.62
122.57
122.52
122.46
122.41
122.36
122.32
122.25
122.21
122.13
122.10
122.05
121.97
121.94
121.89
121.87
