177.98
175.20
172.63
170.31
168.20
166.25
164.49
162.85
161.35
159.98
158.69
157.53
156.44
155.42
154.48
153.62
152.79
152.01
151.26
150.55
149.87
149.23
148.59
148.04
147.52
147.01
146.53
146.09
145.63
145.20
144.80
144.43
144.00
143.61
143.22
142.85
142.54
142.20
141.88
141.54
141.21
140.94
140.65
140.38
140.10
139.79
139.40
139.15
138.91
138.64
138.41
138.07
137.83
137.62
137.41
137.16
136.92
136.70
136.47
136.29
136.02
135.86
135.64
135.44
135.22
134.99
134.82
134.68
134.42
134.24
134.01
133.82
133.65
133.50
133.35
133.17
133.00
132.81
132.66
132.50
132.34
132.19
132.05
131.89
131.68
131.55
131.42
131.30
131.12
130.96
130.80
130.68
130.55
130.36
130.17
130.04
129.91
129.74
129.53
129.36
129.21
129.06
128.95
128.79
128.64
128.49
128.29
128.12
127.96
127.82
127.71
127.50
127.38
127.24
127.11
127.00
126.84
126.73
126.62
126.48
126.37
126.27
126.16
126.03
125.94
125.80
125.67
125.51
125.41
125.23
125.13
125.02
124.89
124.76
124.72
124.51
124.38
124.29
124.21
124.14
124.08
123.99
123.87
123.74
123.62
123.54
123.45
123.32
123.25
123.14
123.06
122.92
122.73
122.66
122.55
122.44
122.33
122.22
122.18
122.12
122.01
121.84
121.76
121.69
121.57
121.48
121.34
121.22
121.13
121.06
120.90
120.79
120.71
120.61
120.47
120.32
120.18
120.12
120.00
119.84
119.73
119.64
119.52
119.45
119.34
119.23
119.12
118.98
118.86
118.70
118.62
118.51
118.44
118.31
118.21
118.15
118.05
117.96
117.83
117.69
117.59
117.54
117.45
117.30
