179.73
178.60
177.52
176.50
175.60
174.72
173.93
173.14
172.34
171.65
171.01
170.36
169.70
169.10
168.49
167.94
167.43
166.92
166.39
165.83
165.35
164.91
164.43
163.96
163.47
162.99
162.60
162.20
161.81
161.39
161.05
160.56
160.22
159.88
159.43
159.14
158.84
158.54
158.08
157.79
157.49
157.06
156.72
156.44
156.07
155.80
155.57
155.25
154.97
154.62
154.33
154.03
153.75
153.42
153.24
152.93
152.71
152.40
152.19
151.99
151.83
151.62
151.36
151.13
150.87
150.63
150.41
150.17
150.00
149.80
149.52
149.34
149.06
148.77
148.50
148.37
148.08
147.84
147.59
147.39
147.12
146.87
146.64
146.47
146.37
146.18
145.94
145.77
145.59
145.32
145.14
144.96
144.86
144.62
144.51
144.35
144.14
143.98
143.81
143.60
143.40
143.33
143.09
142.81
142.71
