177.87
174.99
172.25
169.71
167.39
165.27
163.24
161.40
159.65
158.03
156.47
155.05
153.67
152.37
151.09
149.90
148.83
147.80
146.77
145.81
144.91
144.01
143.21
142.41
141.64
140.88
140.15
139.40
138.72
138.02
137.38
136.80
136.20
135.55
135.01
134.46
133.92
133.41
132.89
132.43
131.89
131.39
130.85
130.41
129.89
129.36
128.82
128.31
127.86
127.48
127.02
126.54
126.13
125.77
125.30
124.89
124.44
124.09
123.78
123.39
122.98
122.60
122.20
121.94
121.64
121.26
120.95
120.64
120.34
120.08
119.74
119.40
119.06
118.79
118.57
118.24
117.91
117.59
117.22
116.80
116.53
116.25
115.96
115.71
115.45
115.20
115.05
114.78
114.45
114.10
113.87
113.66
113.38
113.25
112.93
112.55
112.40
112.12
111.91
111.67
