178.87
176.95
175.22
173.66
172.27
170.99
169.85
168.81
167.87
167.00
166.22
165.49
164.83
164.20
163.64
163.13
162.66
162.21
161.80
161.42
161.05
160.73
160.41
160.13
159.86
159.58
159.32
159.06
158.83
158.61
158.39
158.19
158.01
157.82
157.62
157.44
157.28
157.09
156.93
156.78
156.63
156.50
156.32
156.19
156.06
155.92
155.78
155.64
155.51
155.38
155.26
155.13
155.01
154.91
154.80
154.68
154.58
154.49
154.39
154.28
154.17
154.08
153.98
153.90
153.80
153.71
153.62
153.54
153.44
153.35
153.26
153.13
153.04
152.95
152.87
152.79
152.70
152.61
152.51
152.40
152.33
152.25
152.19
152.09
152.00
151.91
151.84
151.73
151.65
151.57
151.50
151.42
151.37
151.30
151.21
151.09
151.01
150.96
150.86
150.79
150.71
150.60
150.54
150.43
150.35
150.26
150.20
150.14
150.07
150.01
149.95
149.89
149.79
149.73
149.63
149.56
149.49
149.42
149.36
149.30
149.25
149.19
149.14
149.08
149.03
148.97
148.88
148.80
148.75
148.69
148.64
148.56
148.51
148.46
148.38
148.31
148.26
148.19
148.14
148.07
148.01
147.93
147.85
147.81
147.73
147.63
147.56
147.51
147.45
147.38
147.32
147.27
147.24
147.19
147.14
147.09
147.01
146.95
146.90
146.86
146.81
146.74
146.68
146.62
146.56
146.52
146.48
146.43
146.38
146.34
146.31
146.23
146.18
146.09
146.02
145.98
145.90
145.81
145.76
145.71
145.64
145.59
145.54
145.48
145.43
145.38
145.34
145.28
145.24
145.18
145.09
145.02
144.99
144.91
144.84
144.79
144.73
144.68
144.65
144.61
144.51
144.46
144.43
144.39
144.34
144.27
144.22
144.17
144.11
144.05
144.01
143.97
143.92
143.85
143.81
143.77
143.73
143.68
143.63
143.55
