178.83
176.84
174.99
173.27
171.66
170.17
168.79
167.50
166.29
165.17
164.12
163.16
162.26
161.41
160.60
159.83
159.09
158.43
157.79
157.20
156.65
156.09
155.51
155.02
154.56
154.10
153.65
153.23
152.83
152.44
152.06
151.69
151.37
151.03
150.70
150.38
150.06
149.76
149.45
149.18
148.88
148.62
148.36
148.08
147.86
147.57
147.34
147.11
146.90
146.67
146.46
146.24
146.04
145.81
145.63
145.43
145.26
145.07
144.88
144.71
144.52
144.34
144.08
143.88
143.69
143.51
143.32
143.15
143.02
142.84
142.67
142.52
142.38
142.23
142.06
141.88
141.72
141.54
141.38
141.23
141.09
140.94
140.78
140.64
140.47
140.30
140.20
140.08
139.96
139.79
139.65
139.53
139.37
139.24
139.08
138.92
138.76
138.60
138.47
138.34
138.22
138.11
137.95
137.79
137.69
137.57
137.39
137.24
137.04
136.90
136.79
136.73
136.55
136.48
136.34
136.27
136.16
136.05
135.91
135.83
135.68
135.60
135.48
135.37
135.30
135.16
135.07
134.97
134.86
134.68
134.57
134.47
134.37
134.25
134.08
133.98
133.85
133.75
133.65
133.51
133.38
133.24
133.16
133.04
132.95
132.80
132.72
132.61
132.47
132.36
132.27
132.14
132.04
131.96
131.90
131.82
131.71
131.60
131.47
131.33
131.26
131.15
131.07
130.98
130.89
130.82
130.71
130.59
130.49
130.43
130.32
130.25
130.15
130.04
129.91
129.84
129.74
129.63
129.52
129.44
129.32
129.22
129.14
129.01
128.93
128.84
128.77
128.67
128.60
128.51
128.43
128.35
128.25
128.12
128.03
127.97
127.89
127.81
127.71
127.61
127.51
127.39
127.33
127.25
127.10
127.00
126.90
126.75
126.66
126.57
126.48
126.43
126.34
126.27
126.15
126.05
125.96
125.88
125.78
125.68
125.55
125.49
125.36
125.24
125.13
125.01
124.95
124.84
124.72
124.62
124.57
124.48
