180.12
179.32
178.59
177.89
177.23
176.59
176.01
175.46
174.95
174.42
173.90
173.42
172.93
172.49
172.04
171.67
171.31
170.90
170.54
170.23
169.90
169.59
169.30
168.96
168.64
168.33
168.03
167.74
167.44
167.20
166.96
166.68
166.43
166.19
165.89
165.66
165.47
165.22
165.01
164.79
164.60
164.39
164.19
163.98
163.79
163.59
163.35
163.18
163.04
162.89
162.57
162.36
162.19
162.03
161.88
161.73
161.60
161.43
161.27
161.16
160.97
160.83
160.70
160.55
160.42
160.28
160.14
160.01
159.90
159.77
159.56
159.39
159.27
159.08
158.93
158.77
158.64
158.51
158.35
158.24
158.09
157.95
157.85
157.75
157.62
157.47
157.40
157.28
157.15
157.01
156.88
156.75
156.64
156.52
156.41
156.30
156.18
156.07
155.97
155.85
155.73
155.64
155.54
155.45
155.31
155.18
155.09
154.93
154.81
154.75
154.65
154.46
154.39
154.27
154.14
154.04
153.93
153.83
153.69
153.59
153.44
153.36
153.30
153.20
153.09
152.93
152.83
152.73
152.60
152.50
152.39
152.28
152.18
152.05
151.93
151.80
151.65
151.57
151.49
151.38
151.30
151.21
151.12
151.03
150.97
150.90
150.82
150.67
150.56
150.48
150.38
150.29
150.16
150.05
149.93
149.86
149.72
149.59
149.52
149.40
149.32
149.24
149.16
149.08
149.03
148.96
148.91
148.82
148.74
148.66
148.56
148.47
148.32
148.24
148.15
148.08
147.98
147.89
147.73
147.59
147.50
147.45
147.39
147.29
