178.86
176.93
175.13
173.45
171.87
170.42
169.04
167.76
166.59
165.43
164.38
163.43
162.54
161.69
160.88
160.11
159.38
158.72
158.09
157.47
156.93
156.39
155.86
155.37
154.90
154.44
154.02
153.59
153.20
152.82
152.45
152.12
151.80
151.48
151.16
150.82
150.51
150.22
149.92
149.68
149.37
149.09
148.82
148.55
148.31
148.07
147.84
147.61
147.39
147.12
146.90
146.67
146.46
146.25
146.04
145.83
145.65
145.47
145.30
145.14
144.96
144.80
144.60
144.41
144.24
144.06
143.89
143.66
143.51
143.33
143.15
142.98
142.85
142.70
142.55
142.36
142.21
142.01
141.84
141.69
141.53
141.40
141.27
141.12
140.96
140.83
140.69
140.58
140.41
140.29
140.14
139.99
139.83
139.67
139.52
139.40
139.27
139.07
138.96
138.85
138.73
138.58
138.44
138.35
138.25
138.15
137.98
137.85
137.74
137.62
137.50
137.39
137.21
137.14
136.98
136.89
136.77
136.69
136.54
136.45
136.36
136.28
136.17
136.09
135.98
135.84
135.77
135.65
135.58
135.40
135.29
135.18
135.07
134.94
134.84
134.74
134.61
134.51
134.40
134.30
134.19
134.04
133.95
133.85
133.74
133.61
133.53
133.40
133.31
133.22
133.09
132.96
132.85
132.75
132.66
132.56
132.47
132.37
132.26
132.10
131.97
131.87
131.77
131.63
131.49
131.39
131.24
131.14
131.07
131.02
130.94
