177.93
175.14
172.55
170.22
168.05
166.12
164.35
162.70
161.19
159.79
158.53
157.32
156.23
155.21
154.29
153.39
152.55
151.78
151.04
150.33
149.66
149.04
148.43
147.88
147.34
146.77
146.32
145.88
145.43
145.00
144.59
144.19
143.80
143.46
143.06
142.70
142.37
142.03
141.68
141.37
141.07
140.70
140.40
140.09
139.81
139.55
139.23
138.99
138.73
138.51
138.30
138.07
137.83
137.50
137.30
137.06
136.83
136.53
136.26
136.05
135.86
135.62
135.45
135.28
135.10
134.89
134.69
134.50
134.33
134.07
133.90
133.72
133.52
133.37
133.21
133.05
132.85
132.72
132.53
132.39
132.22
132.06
131.88
131.72
131.54
131.36
131.19
131.00
130.73
130.59
130.45
130.28
130.00
129.80
129.65
129.50
129.33
129.23
129.05
128.95
128.76
128.65
128.52
128.40
128.24
128.07
127.97
127.87
127.66
127.54
127.39
127.18
127.05
126.93
126.76
126.61
126.46
126.29
126.14
126.04
125.90
125.81
125.76
125.69
125.58
125.44
125.33
125.18
125.06
124.92
124.82
124.71
124.56
124.37
124.30
124.25
124.14
124.00
123.87
123.77
123.65
123.60
123.41
123.33
123.28
123.11
123.00
122.87
122.80
122.75
122.67
122.59
122.50
122.41
122.31
122.18
122.09
122.02
121.93
121.81
121.74
121.62
121.54
121.43
121.32
121.17
121.06
120.97
120.93
120.83
120.74
120.63
120.49
120.31
120.15
120.08
119.99
119.84
119.75
119.68
119.59
119.49
119.36
119.25
119.12
119.02
118.91
118.73
118.66
118.57
118.51
118.37
118.29
118.20
118.12
118.01
117.86
117.72
117.63
117.56
117.50
117.43
117.30
117.23
117.13
117.09
117.03
116.93
116.86
116.79
116.69
116.61
116.55
116.52
116.43
116.40
116.30
116.21
116.12
116.00
115.93
115.84
115.71
115.60
