178.76
176.74
174.90
173.23
171.72
170.34
169.09
167.93
166.88
165.93
165.06
164.26
163.53
162.86
162.22
161.63
161.10
160.61
160.16
159.73
159.34
158.99
158.61
158.29
157.97
157.65
157.38
157.12
156.85
156.61
156.40
156.19
155.97
155.77
155.56
155.37
155.19
155.02
154.86
154.65
154.48
154.31
154.17
154.02
153.88
153.76
153.63
153.50
153.38
153.26
153.14
153.02
152.90
152.77
152.66
152.55
152.44
152.31
152.20
152.09
151.97
151.87
151.78
151.68
151.57
151.49
151.38
151.29
151.19
151.10
151.02
150.88
150.79
150.71
150.63
150.53
150.45
150.37
150.30
150.22
150.14
150.04
149.95
149.87
149.80
149.74
149.67
149.59
149.51
149.44
149.36
149.27
149.20
149.13
149.05
148.96
148.90
148.83
148.78
148.70
148.60
148.54
148.46
148.40
148.33
148.27
148.19
148.13
148.07
147.97
147.89
147.83
147.76
147.69
147.64
147.58
147.52
147.45
147.37
147.32
147.26
147.18
147.11
147.05
147.01
146.94
146.88
146.82
146.75
146.70
146.65
146.60
146.52
146.46
146.40
146.32
146.26
146.20
146.13
146.05
146.00
145.96
145.89
145.83
145.78
145.73
145.68
145.61
145.56
145.52
145.47
145.39
145.33
145.27
145.20
145.14
145.09
144.98
144.93
144.86
144.81
144.79
144.74
144.68
144.60
144.54
144.48
144.43
144.39
144.36
144.29
144.25
144.18
144.14
144.09
144.04
144.02
143.98
143.92
143.86
143.80
143.74
143.69
143.64
143.60
143.56
143.53
143.48
143.43
143.38
143.34
143.26
143.23
143.19
143.12
143.07
143.02
142.96
142.93
142.90
142.85
142.80
142.73
142.69
142.66
142.61
142.56
142.47
142.41
142.36
142.31
142.26
142.19
142.14
142.11
142.07
142.03
141.99
141.96
141.93
141.88
141.83
141.81
141.77
141.70
141.64
141.59
141.56
141.49
141.45
141.41
141.33
141.28
141.24
141.20
141.14
141.11
141.07
141.02
141.00
140.96
140.92
140.87
140.82
140.77
140.74
140.71
140.67
140.64
140.59
140.56
140.52
140.48
140.46
140.40
140.34
140.28
140.24
140.21
140.16
140.10
140.07
140.03
140.00
139.97
139.93
139.90
139.88
139.83
139.79
139.74
139.68
139.64
139.58
139.56
139.50
139.46
139.42
139.37
139.33
139.27
139.24
139.20
139.16
139.12
139.08
139.02
138.98
138.91
138.87
138.83
138.79
138.73
138.68
138.64
138.61
138.57
138.53
138.48
138.45
138.42
138.38
138.33
138.27
138.25
138.20
