179.68
178.49
177.33
176.27
175.27
174.33
173.42
172.60
171.81
171.07
170.37
169.69
169.07
168.44
167.82
167.23
166.68
166.11
165.58
165.12
164.64
164.20
163.74
163.34
162.96
162.49
162.11
161.68
161.33
160.99
160.61
160.25
159.97
159.66
159.33
159.04
158.78
158.48
158.22
157.95
157.72
157.41
157.13
156.92
156.72
156.45
156.17
155.94
155.69
155.47
155.28
154.98
154.76
154.51
154.32
154.11
153.88
153.68
153.47
153.34
153.12
152.92
152.74
152.55
152.36
152.22
152.05
151.90
151.66
151.52
151.34
151.13
150.89
150.71
150.48
150.31
150.18
149.97
149.83
149.66
149.42
149.24
149.16
149.01
148.90
148.80
148.66
148.49
148.36
148.23
148.11
147.97
147.77
147.65
147.52
147.37
147.21
147.10
146.98
146.86
146.75
146.67
146.53
146.39
146.24
146.10
145.97
145.76
145.69
145.57
145.40
145.20
145.06
144.94
144.85
144.73
144.57
144.41
144.29
144.16
144.01
143.91
143.82
143.71
143.58
143.50
143.40
143.29
143.18
142.97
142.81
142.68
142.56
142.40
142.22
142.08
141.98
141.89
141.76
141.69
141.55
141.43
141.31
141.16
141.06
140.92
140.82
140.70
140.61
140.51
140.40
140.26
140.14
140.03
139.85
