32995.96
31288.39
29319.92
27119.23
25432.06
23980.65
22783.49
21822.12
21038.16
20454.14
19949.11
19548.72
19244.46
18955.54
18723.59
18552.29
18380.28
18237.18
18099.69
18000.25
17916.17
17829.19
17738.84
17680.49
17595.04
17561.40
17542.19
17497.86
17458.05
17457.90
17460.63
17444.75
17369.04
17384.38
17398.39
17405.75
17469.50
17356.23
17363.58
17302.81
17273.76
17256.83
17272.24
17239.35
17247.02
17245.31
17247.06
17181.52
17189.93
17171.83
17155.26
17190.39
17138.48
17100.23
17142.76
17105.75
17091.58
17056.93
17040.08
17066.69
17060.14
17022.39
17008.72
17013.81
