180.29
179.66
179.06
178.50
177.95
177.45
176.97
176.53
176.12
175.70
175.30
174.93
174.57
174.25
173.90
173.61
173.33
173.02
172.75
172.49
172.21
171.97
171.74
171.48
171.25
171.02
170.80
170.58
170.34
170.15
169.97
169.79
169.52
169.35
169.18
169.01
168.86
168.64
168.48
168.32
168.16
168.03
167.89
167.77
167.62
167.49
167.35
167.22
167.12
167.00
166.77
166.61
166.49
166.37
166.25
166.16
166.06
165.95
165.84
165.77
165.66
165.56
165.46
165.36
165.27
165.15
165.06
164.97
164.90
164.82
164.71
164.61
164.53
164.43
164.36
164.27
164.12
164.02
163.94
163.83
163.75
163.65
163.58
163.50
163.40
163.34
163.29
163.22
163.15
163.08
163.00
162.93
162.85
162.76
162.68
162.61
162.54
162.46
162.40
162.32
162.27
162.21
162.16
162.09
162.02
161.95
161.88
161.78
161.72
161.68
161.55
161.49
161.42
161.34
161.28
161.24
161.16
161.10
161.01
160.96
160.85
160.79
160.74
160.68
160.61
160.54
160.49
160.42
160.38
160.32
160.25
160.17
160.10
160.06
159.94
159.86
159.79
159.73
159.66
159.59
159.53
159.47
159.41
159.35
159.31
159.26
159.21
159.16
159.11
159.06
158.98
158.90
158.81
158.73
158.68
158.63
158.53
158.48
158.43
158.37
158.31
158.27
158.23
158.17
158.13
158.07
158.02
157.95
157.89
157.84
157.76
157.69
157.64
157.56
157.51
157.47
157.42
157.35
157.32
157.24
157.18
157.13
157.09
157.05
157.00
156.95
156.91
156.87
156.83
156.77
156.72
156.69
156.66
156.61
156.56
156.50
156.45
156.40
156.33
156.29
156.24
156.16
156.12
156.07
156.03
155.98
155.93
155.88
155.83
155.76
155.71
