179.73
178.50
177.37
176.33
175.37
174.48
173.60
172.79
172.06
171.29
170.61
169.94
169.29
168.63
167.96
167.42
166.87
166.34
165.84
165.29
164.79
164.26
163.77
163.33
162.84
162.39
161.99
161.55
161.11
160.70
160.23
159.72
159.36
159.05
158.71
158.36
157.98
157.49
157.19
156.82
156.49
156.22
155.90
155.57
155.32
154.90
154.69
154.29
154.01
153.68
153.46
153.12
152.78
152.54
152.29
151.95
151.70
151.49
151.33
151.14
150.96
150.70
150.44
150.07
149.84
149.60
149.38
149.12
148.94
148.74
148.55
148.29
148.08
147.83
147.60
147.41
147.21
146.87
146.62
146.41
146.22
146.03
145.80
145.61
145.39
145.24
144.98
144.81
144.67
144.45
144.33
144.17
144.01
143.84
143.67
143.54
143.42
143.24
143.06
142.88
142.72
142.62
142.45
142.25
142.05
141.90
141.76
141.52
141.36
141.18
141.06
140.97
