178.94
176.85
175.02
173.24
171.61
170.03
168.51
167.02
165.67
164.23
162.99
161.84
160.75
159.48
158.39
157.33
156.30
155.39
154.44
153.38
152.52
151.65
150.76
149.89
149.08
148.30
147.60
146.82
146.00
145.24
144.37
143.64
142.88
142.22
141.46
140.83
140.16
139.28
138.66
137.93
137.29
136.79
135.98
135.48
134.76
134.25
133.75
133.18
132.52
132.05
131.54
131.04
130.49
129.94
129.48
129.09
128.57
128.10
127.67
127.31
126.87
126.40
126.04
125.55
125.17
124.90
124.42
123.98
123.45
123.07
122.81
122.50
122.11
121.74
121.46
121.00
120.55
120.22
119.89
119.61
119.34
118.95
118.64
118.34
117.89
117.60
117.22
116.70
116.54
116.31
115.96
115.72
115.41
115.13
114.74
114.46
114.26
114.07
113.63
113.39
112.87
