180.30
179.71
179.16
178.66
178.17
177.71
177.26
176.87
176.51
176.15
175.79
175.44
175.12
174.75
174.44
174.18
173.92
173.65
173.40
173.16
172.93
172.72
172.52
172.29
172.08
171.86
171.64
171.46
171.28
171.11
170.93
170.77
170.59
170.43
170.26
170.11
169.95
169.78
169.62
169.49
169.36
169.20
169.08
168.97
168.86
168.71
168.60
168.48
168.38
168.28
168.18
168.05
167.94
167.74
167.64
167.54
167.45
167.33
167.21
167.13
167.03
166.93
166.79
166.69
166.60
166.48
166.39
166.30
166.21
166.14
166.06
165.99
165.91
165.84
165.77
165.69
165.62
165.54
165.47
165.38
165.28
165.19
165.11
165.03
164.90
164.79
164.72
164.66
164.58
164.54
164.46
164.38
164.30
164.24
164.17
164.10
164.04
163.91
163.82
163.74
163.67
163.60
163.54
163.42
163.37
163.31
163.25
163.17
163.11
163.05
162.99
162.89
162.83
162.79
162.72
162.67
162.62
162.55
162.48
162.43
162.35
162.25
162.20
162.15
162.09
162.04
161.97
161.91
161.85
161.81
161.74
161.71
161.63
161.56
161.45
161.40
161.33
161.30
161.22
161.12
161.08
161.03
160.99
160.95
160.90
160.85
160.81
160.73
160.67
160.63
160.55
160.47
160.44
160.39
160.36
160.27
160.20
160.15
160.11
160.05
159.99
159.91
