33130.96
31639.15
29394.93
27436.42
25673.26
24241.46
23052.90
22044.13
21248.69
20599.19
20056.54
19644.98
19279.29
18972.41
18723.88
18535.09
18350.27
18252.81
18080.86
17986.35
17884.17
17835.44
17742.84
17700.51
17630.64
17596.15
17563.53
17555.68
17480.62
17434.17
17424.09
17397.92
17394.01
17356.73
17395.41
17369.92
17327.16
17325.58
17325.80
17291.50
17259.12
17268.44
17248.21
17251.37
17189.83
17237.04
17230.99
17214.12
17172.85
17147.21
17151.59
17164.15
17151.07
17135.11
17130.00
17110.76
17070.64
17074.28
17081.29
17040.69
17017.59
17068.82
17023.10
17006.41
17014.41
16985.16
16993.79
16944.03
16955.49
16966.45
16940.33
16927.62
16967.03
16889.59
16890.00
16875.50
16858.47
16871.09
16855.83
16873.58
16840.04
16838.57
16833.19
16809.63
16824.61
16814.95
16782.46
16764.29
16778.18
16776.22
16880.51
16735.69
16768.49
16718.87
16770.57
16718.83
16788.66
16703.42
16692.68
16698.32
16699.37
16694.37
16713.25
16644.77
16648.35
16653.19
16648.22
16635.73
16669.16
16623.81
16634.07
16690.21
16640.10
16626.78
16621.29
16603.90
16626.97
16598.15
16600.68
16579.80
16585.67
16586.56
16592.07
16592.94
16572.38
16621.14
16611.25
16594.95
16576.94
16554.53
16589.17
16589.06
16582.68
16570.61
16605.92
16573.41
16589.63
16609.43
16552.02
16544.63
