179.20
177.60
176.12
174.79
173.56
172.41
171.35
170.34
169.41
168.56
167.76
167.03
166.38
165.76
165.19
164.68
164.20
163.70
163.25
162.85
162.47
162.10
161.76
161.41
161.10
160.80
160.52
160.24
159.99
159.76
159.54
159.32
159.12
158.94
158.76
158.55
158.39
158.22
158.04
157.88
157.75
157.60
157.46
157.33
157.21
157.07
156.94
156.81
156.69
156.57
156.47
156.34
156.23
156.12
156.01
155.90
155.81
155.72
155.61
155.52
155.42
155.33
155.24
155.17
155.09
155.00
154.92
154.84
154.76
154.68
154.60
154.52
154.44
154.36
154.27
154.17
154.11
154.01
153.91
153.85
153.79
153.70
153.61
153.54
153.45
153.36
153.31
153.25
153.17
153.10
153.01
152.95
152.89
152.84
152.79
152.72
152.63
152.58
152.52
152.46
152.41
152.34
152.28
152.23
152.16
152.10
152.06
151.99
151.93
151.85
151.78
151.73
151.68
151.62
151.56
151.51
151.45
151.37
151.31
151.22
151.16
151.11
151.06
151.00
150.94
150.89
150.84
150.80
150.74
150.65
150.59
150.54
150.48
150.43
150.34
150.31
150.26
150.19
150.13
150.09
150.01
149.95
149.90
149.82
149.77
149.72
149.67
149.62
149.57
149.51
149.45
149.42
149.35
149.30
149.27
149.23
149.17
149.12
149.07
149.03
148.99
148.94
148.89
148.85
148.80
148.75
148.68
148.64
148.57
148.53
148.48
148.44
148.37
148.30
148.23
148.20
148.15
148.11
148.07
148.03
147.98
147.91
147.87
147.83
147.81
147.77
147.74
147.70
147.66
147.61
147.55
147.51
147.45
147.39
147.35
147.30
147.25
147.21
147.16
147.10
147.06
147.03
