179.81
178.72
177.73
176.81
176.01
175.24
174.53
173.87
173.25
172.64
172.12
171.64
171.18
170.76
170.35
169.96
169.57
169.22
168.90
168.56
168.24
167.95
167.67
167.42
167.15
166.91
166.67
166.46
166.23
166.02
165.82
165.61
165.37
165.17
164.99
164.81
164.63
164.47
164.31
164.14
163.93
163.79
163.63
163.41
163.20
163.06
162.92
162.80
162.67
162.55
162.42
162.31
162.19
162.07
161.95
161.83
161.73
161.59
161.41
161.26
161.17
161.06
160.96
160.86
160.76
160.67
160.57
160.46
160.36
160.15
160.07
159.99
159.90
159.80
159.69
159.60
159.51
159.43
159.35
159.28
159.19
159.12
159.06
158.96
158.87
158.78
158.69
158.60
158.46
158.39
158.30
158.21
158.16
158.09
158.01
157.93
157.84
157.78
157.70
157.61
157.53
157.48
157.41
157.31
157.24
157.18
157.10
157.03
156.95
156.90
156.83
156.74
156.69
156.63
156.53
156.48
156.39
156.35
156.26
156.20
156.14
156.08
156.01
155.92
155.85
155.81
155.74
155.66
155.61
155.54
155.46
155.40
155.33
155.28
155.21
155.14
155.07
155.02
154.97
154.86
154.81
154.76
154.67
154.60
154.54
154.47
154.43
154.38
154.31
154.25
154.20
154.12
154.05
153.98
153.94
153.87
153.81
153.75
153.67
153.61
153.55
153.50
153.46
153.39
153.33
153.28
153.23
153.16
153.10
153.05
153.01
152.97
