173.67
167.34
161.95
157.31
153.29
149.91
146.98
144.52
142.36
140.57
138.98
137.56
136.29
135.18
134.20
133.39
132.70
132.05
131.47
130.94
130.47
130.07
129.67
129.28
128.94
128.64
128.23
127.74
127.43
127.13
126.88
126.33
126.10
125.89
125.67
125.42
125.24
125.05
124.84
124.68
124.45
124.18
124.03
123.84
123.70
123.55
123.40
123.26
123.13
122.97
122.84
122.70
122.49
122.37
122.25
122.13
121.80
121.64
121.55
121.43
121.28
121.14
121.04
120.92
120.81
120.72
120.62
120.37
120.28
120.18
120.05
119.96
119.87
119.74
119.64
119.52
119.41
119.33
119.25
119.17
119.04
118.97
118.86
118.79
118.71
118.60
118.49
118.40
118.35
118.26
118.17
118.11
118.03
117.96
117.87
117.77
117.69
117.63
117.56
117.49
117.44
117.31
117.25
117.17
117.08
117.01
116.95
116.88
116.81
116.72
116.66
116.61
116.54
116.48
116.42
116.35
116.30
116.25
116.18
116.12
116.08
116.03
115.97
115.92
115.83
115.71
115.65
115.58
115.48
115.42
115.38
115.34
115.26
115.21
115.11
115.05
115.01
114.96
114.89
114.82
114.77
114.72
114.67
114.62
114.57
114.51
114.45
114.40
114.34
114.27
114.22
114.16
114.12
114.06
114.02
113.96
113.90
113.84
113.80
113.74
113.67
113.62
113.57
113.53
113.48
113.42
113.39
113.34
113.29
113.25
113.20
113.16
113.12
113.07
113.01
112.96
112.90
112.85
112.82
112.75
112.70
112.65
112.61
112.57
112.52
112.45
112.42
112.37
112.32
112.27
112.21
112.17
112.12
112.07
112.02
111.99
111.93
111.87
111.84
111.78
111.74
111.70
111.65
111.60
111.57
111.53
111.50
111.45
111.38
111.35
111.31
111.25
111.20
111.16
111.10
111.03
110.99
110.94
110.89
110.84
110.81
110.75
110.70
110.66
110.61
110.57
110.51
110.48
110.45
110.42
110.38
110.34
110.29
110.24
110.21
110.16
110.11
110.06
110.02
109.97
109.92
109.88
109.84
