179.04
177.26
175.45
173.84
172.31
170.83
169.46
168.14
166.86
165.63
164.37
163.24
162.20
161.05
159.98
159.03
158.02
157.17
156.17
155.29
154.44
153.54
152.84
152.06
151.26
150.51
149.62
148.97
148.25
147.52
146.90
146.23
145.63
145.04
144.48
143.87
143.00
142.37
141.42
140.93
140.35
139.79
139.20
138.74
138.06
137.55
136.81
136.22
135.70
135.28
134.77
134.20
133.75
133.30
132.88
132.37
131.93
131.45
130.93
130.27
129.97
129.55
128.86
128.62
128.20
127.91
127.57
127.31
126.92
126.52
126.17
125.80
125.47
125.12
124.72
124.32
124.00
123.69
123.26
123.00
122.82
122.50
