179.14
177.35
175.65
174.03
172.53
171.15
169.73
168.48
167.25
165.99
164.76
163.61
162.51
161.49
160.42
159.41
158.46
157.53
156.65
155.73
154.90
154.08
153.21
152.33
151.49
150.74
149.98
149.27
148.64
147.98
147.30
146.57
145.96
145.37
144.45
143.86
143.27
142.51
141.99
141.50
141.00
140.38
139.79
139.06
138.53
138.08
137.31
136.77
136.12
135.49
134.98
134.34
133.93
133.35
132.80
132.43
131.97
131.60
131.29
130.66
130.13
129.81
129.43
129.01
128.67
128.19
127.91
127.56
127.21
126.92
126.50
125.99
125.71
125.26
124.91
124.47
124.21
123.94
123.64
123.35
122.96
122.80
122.52
122.11
121.71
