176.47
172.34
168.58
165.14
161.99
159.13
156.49
154.12
151.94
149.98
148.19
146.57
145.10
143.75
142.52
141.38
140.32
139.37
138.49
137.65
136.87
136.17
135.51
134.92
134.35
133.83
133.31
132.85
132.43
132.04
131.64
131.29
130.96
130.65
130.38
130.06
129.80
129.56
129.35
129.03
128.80
128.59
128.31
128.13
127.95
127.78
127.63
127.44
127.27
127.11
126.91
126.75
126.62
126.49
126.36
126.21
126.07
125.94
125.80
125.67
125.54
125.37
125.18
125.04
124.92
124.81
124.71
124.58
124.40
124.31
124.19
124.02
123.93
123.85
123.70
123.61
123.53
123.41
123.29
123.20
123.02
122.92
122.82
122.74
122.66
122.59
122.51
122.43
122.36
122.26
122.12
122.04
121.96
121.89
121.79
121.72
121.60
121.52
121.44
121.36
121.29
121.21
121.15
121.08
121.00
120.91
120.85
120.79
120.74
120.67
120.60
120.55
120.48
120.39
120.33
120.26
120.20
120.11
120.04
119.96
119.89
119.82
119.74
119.69
119.61
119.56
119.51
119.46
119.33
119.28
119.21
119.16
119.11
119.05
118.99
118.94
118.89
118.84
118.78
118.74
118.69
118.61
118.57
118.52
118.45
118.40
118.36
118.31
118.26
118.22
118.16
118.10
118.05
118.01
117.96
117.92
117.88
117.80
117.76
117.71
117.67
117.63
117.59
117.54
117.48
117.44
117.40
117.36
117.32
117.29
117.25
117.19
117.15
117.11
117.05
117.02
116.98
116.95
116.90
116.85
116.81
116.77
116.74
116.70
116.67
116.63
116.59
116.55
116.51
116.45
116.39
116.35
116.27
116.23
116.19
116.15
116.11
116.08
116.05
116.01
115.98
115.95
115.90
115.87
115.83
115.78
115.74
115.70
115.64
115.60
115.55
115.52
115.49
115.46
115.42
115.37
115.34
115.30
115.29
115.24
115.21
115.17
115.14
115.11
115.08
115.05
115.01
114.98
114.96
114.92
114.87
114.83
114.79
114.76
114.71
114.68
114.60
114.57
114.54
114.50
114.47
114.43
114.39
114.36
114.33
114.30
114.28
114.25
114.22
114.19
114.16
114.12
114.08
114.05
114.02
113.99
113.95
113.92
113.88
113.84
113.81
113.78
113.75
113.71
113.66
113.65
113.63
113.59
113.56
113.54
113.51
113.49
113.45
113.42
113.38
113.35
113.32
113.29
113.25
113.22
113.19
113.17
113.15
113.11
113.09
113.05
113.01
112.98
112.95
112.91
112.88
112.85
112.82
112.79
112.75
112.72
112.69
112.65
112.61
112.59
112.56
112.53
112.50
112.46
112.43
112.41
112.39
112.36
112.31
112.28
112.24
112.21
112.18
112.14
112.10
112.08
112.04
112.01
111.97
111.96
111.94
111.91
111.87
111.83
111.81
111.79
111.76
111.72
111.68
111.66
111.63
111.60
111.58
111.55
111.53
111.49
111.46
111.42
111.39
111.36
111.33
111.30
111.27
111.25
111.23
111.20
111.17
111.15
111.12
111.08
111.05
111.01
110.98
110.95
110.94
110.88
110.85
110.82
110.79
110.75
110.72
110.69
110.67
110.64
110.61
110.58
110.55
110.52
110.50
110.47
110.44
110.42
110.39
110.36
110.33
110.30
110.28
110.25
110.23
110.20
110.18
110.15
110.11
110.08
110.05
110.02
110.00
109.97
109.95
109.92
109.89
109.86
109.84
109.81
109.77
109.75
109.72
109.69
109.66
109.64
109.61
