179.34
177.83
176.36
175.03
173.81
172.69
171.63
170.66
169.72
168.85
168.00
167.26
166.57
165.85
165.25
164.61
163.97
163.39
162.86
162.27
161.80
161.33
160.83
160.44
159.99
159.48
159.06
158.64
158.32
157.94
157.53
157.12
156.75
156.42
156.07
155.70
155.35
155.00
154.71
154.41
154.11
153.84
153.53
153.21
152.93
152.63
152.37
152.11
151.84
151.58
151.35
151.09
150.73
150.49
150.27
149.95
149.75
149.47
149.12
148.87
148.66
148.44
148.18
147.93
147.79
147.59
147.37
147.08
146.83
146.65
146.38
146.20
145.97
145.83
145.58
145.31
145.13
144.93
144.70
144.50
144.28
144.14
144.00
143.77
143.56
143.40
143.25
143.11
143.01
142.85
142.65
142.47
142.23
141.99
141.78
141.55
141.45
141.26
141.01
140.84
140.69
140.54
140.26
140.05
139.89
139.68
139.59
139.43
139.24
139.10
139.04
138.81
138.61
138.51
138.32
138.20
137.97
137.83
137.75
137.66
137.42
137.26
137.20
137.06
136.89
136.77
136.67
136.52
136.35
136.22
136.07
135.82
135.60
135.35
135.21
135.04
134.89
