178.87
176.96
175.23
173.67
172.29
171.02
169.89
168.85
167.91
167.05
166.27
165.57
164.91
164.31
163.74
163.23
162.77
162.34
161.95
161.57
161.23
160.93
160.62
160.34
160.08
159.81
159.56
159.32
159.08
158.87
158.66
158.46
158.28
158.10
157.90
157.74
157.57
157.41
157.26
157.10
156.96
156.82
156.68
156.53
156.40
156.28
156.16
155.99
155.86
155.75
155.64
155.50
155.40
155.30
155.20
155.11
155.00
154.89
154.80
154.70
154.60
154.51
154.39
154.30
154.21
154.12
154.03
153.94
153.85
153.78
153.69
153.62
153.55
153.46
153.40
153.32
153.24
153.18
153.11
153.04
152.95
152.86
152.77
152.71
152.63
152.55
152.47
152.35
152.29
152.21
152.16
152.07
152.01
151.93
151.87
151.80
151.74
151.66
151.58
151.51
151.44
151.37
151.30
151.23
151.16
151.12
151.05
150.99
150.93
150.87
150.78
150.70
150.65
150.57
150.51
150.44
150.38
150.29
150.20
150.15
150.09
150.03
149.99
149.93
149.84
149.77
149.71
149.67
149.61
149.57
149.51
149.44
149.39
149.31
149.24
149.17
149.11
149.08
149.01
148.95
148.90
148.81
148.77
148.70
148.66
148.61
148.55
148.51
148.46
148.37
148.33
148.28
148.22
148.15
148.10
148.04
147.97
147.94
147.88
147.80
147.74
147.70
147.66
147.62
147.54
147.45
147.41
147.34
147.28
147.22
147.15
147.10
147.04
146.99
146.92
146.87
146.81
146.76
146.71
146.68
146.63
146.58
146.53
146.47
146.44
146.40
146.34
146.30
146.26
146.23
146.19
146.15
146.10
146.03
145.99
145.94
145.90
145.85
