179.77
178.62
177.54
176.55
175.61
174.75
173.93
173.16
172.42
171.69
171.04
170.38
169.70
169.11
168.54
168.00
167.47
166.95
166.44
165.96
165.50
165.03
164.61
164.15
163.71
163.32
162.88
162.51
162.15
161.79
161.41
161.06
160.70
160.35
160.03
159.68
159.35
158.96
158.57
158.28
157.91
157.66
157.37
157.08
156.86
156.64
156.37
156.07
155.80
155.52
155.28
155.04
154.83
154.54
154.30
154.00
153.74
153.51
153.35
153.19
152.96
152.76
152.61
152.38
152.14
151.92
151.72
151.51
151.32
151.07
150.87
150.71
150.47
150.28
150.09
149.88
149.73
149.49
149.28
149.08
148.95
148.79
148.59
148.27
148.13
147.96
147.84
147.59
147.36
147.22
147.10
146.94
146.78
146.66
146.54
146.39
146.28
146.13
145.96
145.77
145.60
145.50
145.37
145.26
145.15
144.92
144.81
144.70
144.50
144.39
144.28
144.14
144.02
143.86
143.73
143.52
143.31
143.23
143.04
142.89
142.73
142.55
142.43
142.30
142.16
142.00
141.88
