177.72
174.65
171.63
168.83
166.15
163.57
161.22
158.92
156.66
154.54
152.51
150.62
148.82
147.08
145.40
143.76
142.12
140.67
139.32
137.91
136.61
135.18
134.03
132.78
131.55
130.36
129.22
128.05
126.96
125.88
124.81
123.88
123.04
122.02
121.19
120.24
119.36
118.62
117.83
116.94
116.00
115.35
114.50
113.63
112.98
112.14
111.49
110.51
109.67
109.04
108.35
107.58
106.95
106.32
105.69
105.03
104.44
103.90
103.23
102.72
102.25
101.64
100.90
100.36
99.69
99.35
98.83
98.36
97.76
97.28
96.93
96.28
95.80
95.39
95.09
94.72
94.30
93.96
93.61
93.24
92.72
92.31
