180.19
179.43
178.72
178.06
177.48
176.92
176.36
175.86
175.36
174.91
174.47
174.01
173.57
173.18
172.78
172.41
172.07
171.75
171.43
171.11
170.77
170.46
170.19
169.87
169.59
169.31
169.03
168.77
168.50
168.27
168.04
167.80
167.58
167.38
167.18
166.98
166.78
166.57
166.37
166.19
166.00
165.77
165.59
165.44
165.27
165.05
164.89
164.72
164.51
164.36
164.21
164.04
163.87
163.69
163.54
163.36
163.20
163.03
162.87
162.74
162.56
162.44
162.29
162.16
161.98
161.86
161.73
161.62
161.48
161.34
161.23
161.10
160.98
160.84
160.71
160.60
160.46
160.34
160.24
160.14
160.02
159.91
159.77
159.64
159.55
159.46
159.33
159.23
159.15
158.98
158.87
158.74
158.63
158.54
158.40
158.33
158.25
158.16
158.05
157.97
157.87
157.75
157.67
157.53
157.42
157.35
157.25
157.16
157.05
156.96
156.89
156.80
156.70
156.60
156.48
156.40
156.32
156.20
156.14
156.03
155.96
155.87
155.80
155.66
155.58
155.48
155.41
155.34
155.22
155.14
154.99
154.92
154.86
154.77
154.67
154.56
154.45
154.40
154.33
154.20
154.10
154.01
153.95
153.86
153.79
153.72
153.59
153.50
153.41
153.33
153.23
153.12
152.99
152.91
152.84
152.78
152.71
152.54
152.43
152.35
152.29
152.25
152.16
152.08
152.03
151.90
151.85
151.78
151.72
151.65
151.61
151.53
151.46
151.26
151.19
151.14
151.04
