180.54
180.14
179.77
179.44
179.12
178.84
178.56
178.31
178.06
177.79
177.56
177.34
177.13
176.93
176.73
176.55
176.36
176.19
176.01
175.85
175.68
175.52
175.37
175.23
175.09
174.96
174.83
174.70
174.58
174.45
174.34
174.23
174.12
174.01
173.91
173.81
173.71
173.62
173.53
173.43
173.34
173.26
173.17
173.09
173.01
172.93
172.84
172.77
172.70
172.61
172.54
172.47
172.39
172.33
172.26
172.20
172.13
172.07
172.01
171.95
171.88
171.82
171.77
171.71
171.66
171.61
171.54
171.49
171.44
171.38
171.33
171.27
171.22
171.17
171.12
171.07
171.02
170.98
170.93
170.89
170.84
170.80
170.75
170.69
170.64
170.60
170.56
170.51
170.47
170.43
170.39
170.35
170.31
170.27
170.24
170.20
170.17
170.13
170.08
170.04
170.00
169.97
169.94
169.90
169.87
169.84
169.80
169.77
169.74
169.71
169.68
169.65
169.62
169.58
169.55
169.52
169.49
169.46
169.43
169.40
169.36
169.33
169.30
169.27
169.25
169.22
169.19
169.17
169.14
169.11
169.09
169.06
169.04
169.01
168.99
168.96
168.93
168.91
168.88
168.86
168.83
168.80
168.78
168.75
168.72
168.69
168.67
168.65
168.63
168.60
168.59
168.56
168.54
168.50
168.47
168.45
168.43
168.41
168.38
168.34
168.32
168.30
168.28
168.25
168.22
168.20
168.18
168.17
168.15
168.13
168.11
168.08
168.05
168.03
168.01
167.99
167.97
167.95
167.92
167.90
167.88
167.86
167.84
167.81
167.79
167.76
167.75
167.73
167.72
167.68
167.66
167.64
167.62
167.59
167.57
167.55
167.53
167.51
167.49
167.48
167.45
167.44
167.42
167.39
167.37
167.35
167.34
167.31
167.29
