176.45
172.31
168.52
165.06
161.91
159.03
156.39
154.03
151.86
149.89
148.09
146.43
144.96
143.59
142.36
141.24
140.17
139.20
138.33
137.50
136.72
136.04
135.41
134.82
134.27
133.75
133.23
132.79
132.36
131.98
131.61
131.24
130.91
130.62
130.31
130.05
129.80
129.57
129.34
129.09
128.73
128.52
128.34
128.12
127.92
127.77
127.58
127.39
127.23
127.05
126.89
126.75
126.60
126.47
126.32
126.16
126.01
125.89
125.76
125.61
125.48
125.37
125.16
125.06
124.94
124.83
124.72
124.62
124.48
124.30
124.20
124.11
123.94
123.82
123.66
123.57
123.32
123.24
123.13
123.05
122.91
122.82
122.70
122.63
122.55
122.47
122.40
122.32
122.25
122.19
122.10
122.00
121.93
121.80
121.72
121.66
121.59
121.50
121.43
121.36
121.29
121.21
121.13
121.07
121.00
120.93
120.86
120.79
120.72
120.65
120.56
120.49
120.43
120.36
120.30
120.23
120.17
120.09
120.02
119.97
119.92
119.83
119.78
119.70
119.64
119.60
119.53
119.45
119.39
119.30
119.23
119.18
119.10
119.06
119.02
118.95
118.89
118.84
118.80
118.73
118.68
118.64
118.58
118.51
118.46
118.42
118.34
118.29
118.24
118.17
118.09
118.02
117.98
117.94
117.88
117.79
117.73
117.67
117.62
117.58
117.52
117.46
117.42
117.37
117.32
117.28
117.25
117.20
117.13
117.07
117.02
116.98
116.93
116.88
116.85
116.80
116.76
116.71
116.66
116.61
116.57
116.54
116.50
116.45
116.42
116.33
116.28
116.23
116.20
116.15
116.10
116.06
116.03
115.99
115.94
115.89
115.86
115.82
115.79
115.75
115.69
115.65
115.63
115.59
115.55
115.51
115.47
115.43
115.40
115.36
115.33
115.29
115.25
115.19
115.16
115.12
115.08
115.05
115.00
114.97
114.94
114.89
114.85
114.81
114.79
114.74
114.71
114.67
114.64
114.61
114.57
114.54
114.52
114.49
114.45
114.42
114.39
114.36
114.32
114.29
114.25
114.19
114.17
114.15
114.10
114.07
114.03
113.98
113.95
113.92
113.89
113.85
113.82
113.78
113.75
113.72
113.70
113.67
113.64
113.61
113.57
113.53
113.47
113.44
113.42
113.38
113.34
113.29
113.25
113.22
113.18
113.15
113.12
113.07
113.01
112.98
112.93
112.90
112.87
112.83
112.80
112.75
112.73
112.70
112.68
112.65
112.60
112.57
112.54
112.52
112.49
112.45
112.41
112.37
112.36
112.32
112.30
112.27
112.25
112.21
112.18
112.16
112.14
112.11
112.07
112.03
112.00
111.97
111.95
111.92
111.89
111.86
111.82
111.78
111.75
111.72
111.69
111.65
111.62
111.60
111.56
111.53
111.52
111.48
111.44
111.40
111.37
111.34
111.32
111.27
111.23
111.21
111.19
111.16
111.13
111.11
111.09
111.06
111.03
111.01
110.97
110.94
110.91
110.88
110.85
110.82
110.78
110.76
110.73
110.69
110.63
110.60
110.57
110.54
110.51
110.48
110.46
110.42
110.39
110.37
110.35
110.32
110.28
110.25
110.22
110.19
110.15
110.11
110.09
110.07
110.05
110.03
110.00
109.98
109.93
109.90
109.87
109.84
109.81
109.78
109.76
109.73
109.70
109.67
109.65
109.63
109.60
109.58
109.56
109.54
109.51
109.48
109.45
109.42
109.40
109.39
109.37
109.34
109.31
109.29
109.27
109.23
109.21
109.17
109.14
109.10
109.07
109.05
109.03
109.01
108.98
108.95
108.92
108.90
108.86
108.84
108.82
108.80
108.77
108.76
108.73
108.69
108.66
108.64
108.61
108.58
108.55
108.52
108.49
108.48
108.45
108.44
108.40
108.38
108.35
108.33
108.31
108.29
108.27
108.25
108.23
108.20
108.19
108.15
108.13
108.11
108.07
108.06
108.02
