177.93
175.13
172.54
170.20
168.04
166.12
164.35
162.69
161.20
159.80
158.54
157.34
156.24
155.21
154.24
153.36
152.57
151.79
151.06
150.37
149.68
149.06
148.45
147.86
147.36
146.85
146.37
145.89
145.46
145.04
144.64
144.19
143.79
143.37
143.01
142.62
142.27
141.97
141.60
141.31
140.98
140.71
140.42
140.15
139.85
139.60
139.33
139.06
138.78
138.51
138.26
138.03
137.77
137.43
137.16
136.94
136.72
136.50
136.29
136.00
135.79
135.60
135.41
135.24
135.04
134.78
134.55
134.36
134.19
134.01
133.81
133.63
133.43
133.27
133.11
132.89
132.74
132.59
132.41
132.22
132.07
131.86
131.68
131.52
131.35
131.23
131.10
130.90
130.73
130.58
130.44
130.29
130.15
130.01
129.84
129.65
129.46
129.28
129.13
128.98
128.85
128.72
128.60
128.45
128.28
128.17
128.06
127.91
127.78
127.62
127.52
127.36
127.22
127.11
127.01
126.87
126.70
126.55
126.39
126.23
126.09
125.93
125.75
125.60
125.49
125.35
125.25
125.05
124.91
124.81
124.67
124.55
124.48
124.34
124.27
124.10
123.97
123.84
123.79
123.69
123.55
123.39
123.23
123.10
123.00
122.87
122.76
122.67
122.59
122.48
122.37
122.26
122.12
121.98
121.85
121.78
121.60
121.53
121.47
121.37
121.27
121.16
120.99
120.85
120.71
120.58
120.44
120.33
120.23
120.11
119.99
119.90
119.82
119.71
119.58
119.45
119.36
119.26
119.22
119.16
119.06
118.96
118.87
118.75
118.66
118.56
118.45
118.36
118.27
118.19
118.12
118.05
118.01
117.91
117.81
117.77
117.68
117.63
117.57
117.48
117.32
117.22
117.16
117.06
116.98
116.87
116.78
116.65
116.57
116.50
116.42
