177.29
173.89
170.56
167.49
164.50
161.80
159.27
156.70
154.30
152.11
150.03
148.07
146.20
144.37
142.69
141.17
139.50
138.03
136.57
135.18
133.78
132.44
131.06
129.82
128.67
127.50
126.22
125.14
124.04
123.14
122.16
121.22
120.28
119.44
118.61
117.81
116.89
116.01
115.24
114.43
113.79
113.02
112.15
111.50
110.77
110.09
109.42
108.81
108.10
107.36
106.65
106.09
105.60
104.91
104.52
104.01
103.34
102.86
102.27
101.78
101.39
100.64
100.14
99.55
99.00
98.59
98.07
97.69
97.22
96.67
96.27
95.82
95.47
95.19
94.91
94.39
93.91
93.67
93.06
92.58
92.25
91.96
91.70
91.37
90.83
90.53
90.22
89.92
89.66
