178.40
176.03
173.81
171.81
170.02
168.36
166.83
165.43
164.14
162.92
161.81
160.78
159.84
158.95
158.13
157.35
156.61
155.92
155.28
154.66
154.11
153.57
153.06
152.55
152.12
151.67
151.23
150.80
150.41
149.96
149.61
149.24
148.86
148.55
148.20
147.88
147.57
147.26
146.94
146.61
146.34
146.05
145.79
145.52
145.27
145.01
144.78
144.53
144.24
143.97
143.73
143.48
143.27
143.09
142.86
142.64
142.43
142.18
141.92
141.74
141.55
141.34
141.13
140.94
140.73
140.58
140.41
140.27
140.07
139.88
139.73
139.56
139.40
139.19
138.98
138.82
138.68
138.45
138.29
138.07
137.91
137.75
137.61
137.44
137.24
137.01
136.84
136.68
136.53
136.30
136.14
135.94
135.81
135.65
135.51
135.36
135.18
134.95
134.81
134.67
134.57
134.36
134.18
134.05
133.96
133.82
133.64
133.49
133.35
133.11
132.97
132.85
132.70
132.52
132.36
132.27
132.13
132.01
131.88
131.75
131.61
131.40
131.25
131.11
130.99
130.87
130.75
130.62
130.54
130.44
130.33
130.25
130.12
130.01
129.94
129.83
129.73
129.57
129.49
129.34
129.17
129.08
128.98
128.88
128.74
128.61
128.51
128.39
128.25
128.20
128.12
128.00
127.86
127.79
127.73
127.53
127.43
127.37
127.27
127.13
127.03
126.98
126.89
126.79
126.73
126.63
126.51
