33191.67
31395.34
29309.05
27275.49
25473.83
24019.59
22759.84
21762.88
20949.25
20269.71
19756.11
19623.07
18951.68
18692.69
18484.94
18258.90
18074.33
17945.42
17842.05
17702.52
17614.59
17525.03
17441.22
17381.33
17319.35
17265.58
17223.75
17180.68
17148.26
17193.49
17137.58
17109.96
17098.52
17079.09
17063.52
17057.29
17215.01
17058.58
17013.48
17013.83
17066.55
16973.73
16981.20
16926.71
16957.66
16937.05
16920.52
16938.74
16897.97
16876.17
16973.13
16940.08
16900.93
16923.88
16898.46
16920.27
16914.19
16872.70
16868.07
17005.82
16836.37
16886.62
16834.28
16882.38
16862.74
16811.02
16892.18
16873.30
16823.84
16823.70
16828.26
16807.59
16838.94
16821.30
16811.90
16787.92
16784.31
16813.70
16805.36
16780.85
16898.95
16771.86
16761.27
16757.86
16763.40
16755.45
16763.47
16800.37
16773.07
16773.99
16767.06
16776.47
16762.07
16765.62
16755.79
16745.34
16758.28
16752.18
16764.32
16727.78
16769.58
16760.43
16757.09
16729.36
16738.44
16741.61
16723.19
16728.31
16731.43
16724.31
16716.53
16722.52
16760.74
16735.53
16724.97
16709.86
16736.92
16705.07
16725.95
16719.26
16774.05
16745.93
16726.37
16726.84
16720.42
16719.69
16806.52
16724.49
16705.89
16720.82
16752.22
16733.79
16731.30
16738.22
16717.34
16724.66
16710.20
16785.16
16730.40
16700.52
16708.52
16697.17
16714.00
16693.59
16694.66
16698.34
16703.61
16678.68
16704.93
16726.74
16705.61
16721.08
16711.40
16726.17
16683.88
