173.52
167.08
161.60
156.88
152.86
149.50
146.61
144.16
142.04
140.20
138.64
137.18
135.94
134.86
133.92
133.03
132.34
131.68
131.13
130.61
130.10
129.69
129.30
128.92
128.60
128.22
127.92
127.52
127.18
126.85
126.57
126.28
126.04
125.83
125.61
125.37
125.10
124.90
124.74
124.58
124.41
124.22
124.05
123.88
123.61
123.48
123.31
123.17
123.01
122.87
122.73
122.58
122.37
122.24
122.12
121.77
121.65
121.49
121.39
121.23
121.08
120.93
120.79
120.63
120.53
120.42
120.33
120.25
120.12
120.02
119.87
119.77
119.64
119.53
119.42
119.30
119.21
119.12
119.05
118.97
118.83
118.75
118.65
118.58
118.50
118.44
118.36
118.29
118.22
118.12
118.05
117.98
117.90
117.84
117.77
117.71
117.64
117.57
117.49
117.41
117.34
117.23
117.16
117.07
116.97
116.90
116.84
116.78
116.69
116.58
116.49
116.43
116.36
116.28
116.23
116.16
116.09
116.02
115.95
115.87
115.83
115.74
115.69
115.61
115.53
115.47
115.43
115.38
115.30
115.26
115.21
115.16
115.09
115.03
114.94
114.89
114.84
114.78
114.73
114.65
114.59
114.53
114.49
114.43
114.38
114.34
114.29
114.22
114.16
114.11
114.05
113.99
113.93
113.87
113.82
113.76
113.68
113.63
113.60
113.54
113.48
113.43
113.40
113.34
113.28
113.21
113.15
113.10
113.05
113.01
112.95
112.91
112.87
112.82
112.77
112.73
112.67
112.62
