180.54
180.14
179.78
179.44
179.12
178.82
178.55
178.26
178.01
177.76
177.48
177.26
177.05
176.83
176.64
176.45
176.26
176.07
175.90
175.71
175.55
175.38
175.23
175.09
174.95
174.80
174.66
174.53
174.41
174.28
174.16
174.05
173.94
173.83
173.72
173.62
173.51
173.42
173.32
173.23
173.14
173.05
172.97
172.88
172.80
172.72
172.63
172.55
172.48
172.40
172.32
172.25
172.18
172.11
172.04
171.98
171.91
171.85
171.79
171.73
171.67
171.60
171.54
171.49
171.42
171.37
171.31
171.26
171.20
171.15
171.10
171.04
170.99
170.93
170.87
170.82
170.77
170.72
170.66
170.61
170.57
170.53
170.48
170.44
170.40
170.36
170.32
170.27
170.21
170.18
170.14
170.10
170.06
170.02
169.98
169.94
169.91
169.86
169.83
169.79
169.75
169.72
169.67
169.63
169.59
169.56
169.52
169.49
169.46
169.43
169.40
169.36
169.31
169.28
169.24
169.21
169.18
169.15
169.12
169.09
169.06
169.03
169.00
168.97
168.94
168.91
168.87
168.84
168.81
168.78
168.76
168.73
168.69
168.66
168.63
168.61
168.58
168.55
168.52
168.49
168.46
168.44
168.41
168.38
168.36
168.34
168.32
168.29
168.27
168.24
168.22
168.19
168.17
168.14
168.12
168.10
168.07
168.04
168.01
168.00
167.97
167.96
167.93
167.92
167.89
167.87
167.84
167.82
167.79
167.76
167.74
167.72
167.69
167.66
167.63
167.61
167.58
167.56
167.53
167.52
167.49
167.47
167.44
167.41
167.37
167.35
167.33
167.32
167.29
167.27
167.25
167.21
167.19
167.17
167.15
167.13
167.10
167.09
167.08
167.06
167.03
167.02
167.00
166.98
166.96
166.93
166.91
166.88
166.86
166.85
166.83
166.80
166.78
166.76
166.74
166.71
166.68
166.67
166.64
166.62
166.61
166.58
166.56
166.55
166.52
166.50
166.48
166.46
166.45
166.43
166.41
166.37
166.36
166.34
166.32
166.30
166.28
166.26
166.25
166.23
166.21
166.19
166.17
166.16
166.14
166.12
166.10
166.09
166.07
166.05
166.04
166.02
166.00
165.98
165.96
165.94
165.93
165.91
165.89
165.87
165.86
165.85
165.83
165.81
165.80
165.78
165.76
165.75
165.73
165.70
165.69
165.67
165.66
165.64
165.60
165.59
165.57
165.56
165.55
165.53
