179.68
178.41
177.26
176.19
175.18
174.22
173.32
172.48
171.66
170.89
170.17
169.52
168.87
168.28
167.72
167.15
166.61
166.13
165.57
165.07
164.59
164.16
163.72
163.24
162.85
162.46
162.05
161.70
161.34
161.03
160.71
160.34
159.99
159.70
159.42
159.09
158.80
158.55
158.27
157.98
157.76
157.52
157.24
156.99
156.79
156.57
156.36
156.08
155.88
155.68
155.45
155.27
155.06
154.85
154.65
154.41
154.17
153.96
153.81
153.61
153.39
153.19
153.02
152.85
152.65
152.48
152.30
152.09
151.87
151.72
151.53
151.36
151.19
151.07
150.92
150.82
150.68
150.44
150.33
150.20
150.03
149.84
149.69
149.53
149.43
149.36
149.21
149.07
148.95
148.80
148.63
148.53
148.34
148.22
148.06
147.89
147.77
147.67
147.56
147.40
147.27
147.13
146.90
146.82
146.68
146.52
146.42
146.26
146.15
146.07
145.88
145.77
145.61
145.50
145.38
145.28
145.17
145.05
144.95
144.82
144.70
144.58
144.46
144.30
144.12
144.01
143.93
143.84
143.69
143.53
143.46
