180.29
179.70
179.14
178.58
178.08
177.56
177.09
176.66
176.28
175.89
175.46
175.07
174.71
174.36
174.04
173.76
173.49
173.20
172.92
172.66
172.41
172.18
171.92
171.70
171.49
171.25
171.03
170.83
170.63
170.43
170.25
170.08
169.88
169.70
169.50
169.28
169.06
168.89
168.73
168.57
168.43
168.28
168.15
168.01
167.85
167.69
167.58
167.44
167.32
167.22
167.09
166.96
166.84
166.68
166.56
166.41
166.31
166.15
166.03
165.93
165.78
165.68
165.56
165.45
165.34
165.23
165.14
165.03
164.94
164.85
164.72
164.62
164.51
164.43
164.31
164.24
164.14
164.00
163.89
163.81
163.70
163.58
163.48
163.41
163.32
163.22
163.14
163.07
162.98
162.90
162.82
162.72
162.65
162.58
162.43
162.36
162.28
162.20
162.11
162.03
161.93
161.84
161.77
161.62
161.55
161.48
161.43
161.33
161.21
161.13
161.05
160.99
160.92
160.83
160.77
160.70
160.65
160.54
160.43
160.37
160.27
160.18
160.12
160.06
159.98
159.91
159.84
159.77
159.69
159.57
159.49
159.44
159.38
159.31
159.23
159.17
159.09
159.05
158.98
158.87
158.78
158.73
158.70
158.64
158.58
158.54
158.50
158.40
158.34
158.29
158.24
158.18
158.11
158.06
158.03
157.96
157.91
157.84
157.79
157.72
157.62
157.57
157.48
157.42
157.38
157.27
157.20
157.13
157.09
157.02
